Partner,Year,Month,NetWeight,TradeValue,CumulativeNetWeight,CumulativeTradeValue,UnitValue,CumulativeUnitValue
Germany,2016,1,4.0,1.067679,4.0,1.067679,0.26691975,0.26691975
Germany,2016,4,4.09562,0.785476,8.09562,1.853155,0.19178439405999578,0.22890834797087808
Germany,2016,8,3.41681,0.646092,11.51243,2.499247,0.18909216491405728,0.2170911788388724
Germany,2016,11,4.02594,0.722384,15.53837,3.221631,0.17943238100915562,0.20733390954134828
Germany,2017,1,4.07614,0.736718,4.07614,0.736718,0.18073913064811317,0.18073913064811317
Germany,2017,5,3.99893,0.79933,8.07507,1.536048,0.1998859694968404,0.19022101356396912
Germany,2017,6,0.00018,0.000121,8.07525,1.536169,0.6722222222222222,0.19023175753072658
Germany,2017,9,4.22923,0.868204,12.30448,2.404373,0.20528654152174272,0.1954063072962043
Germany,2018,1,4.66708,0.9662,4.66708,0.9662,0.20702452068531071,0.20702452068531071
Germany,2018,5,4.23648,0.881973,8.90356,1.848173,0.2081853331067301,0.20757685689769034
Germany,2018,8,5.61391,1.372644,14.51747,3.220817,0.24450766043630912,0.22185800969452665
Germany,2018,10,4.23007,1.036048,18.74754,4.2568649999999995,0.24492455207597036,0.22706259061188824
Germany,2019,3,4.24154,0.946902,4.24154,0.946902,0.22324485917850595,0.22324485917850595
Germany,2019,5,4.27086,0.887641,8.5124,1.834543,0.20783659497150458,0.2155141910624501
Germany,2019,8,4.26987,0.837992,12.78227,2.672535,0.19625702890251928,0.2090814072930708
Germany,2019,12,5.36353,1.099547,18.1458,3.772082,0.20500435347616217,0.20787631297600545
Germany,2020,4,4.04638,0.858478,4.04638,0.858478,0.2121595104760304,0.2121595104760304
Germany,2020,7,5.95761,1.368076,10.00399,2.226554,0.22963503821163186,0.22256659592822464
Germany,2020,10,5.95001,1.4082,15.954,3.634754,0.23667187113971236,0.2278271279929798
Germany,2021,2,5.80439,1.610301,5.80439,1.610301,0.2774281190616068,0.2774281190616068
Germany,2021,4,5.70449,1.492909,11.50888,3.10321,0.2617077074374747,0.2696361418313511
Germany,2021,6,5.9719,2.046806,17.48078,5.150016,0.3427394966426096,0.294610194739594
Germany,2021,9,6.00948,1.731226,23.49026,6.881242,0.2880824963224771,0.2929402228838676
Guyana,2016,1,0.0261,0.00515,0.0261,0.00515,0.19731800766283525,0.19731800766283525
Guyana,2016,2,0.052,0.010301,0.0781,0.015451,0.19809615384615384,0.1978361075544174
Guyana,2016,3,0.02619,0.00515,0.10429,0.020601,0.19663993890798015,0.19753571771023112
Guyana,2016,4,0.07799,0.015451,0.18228,0.036052,0.19811514296704705,0.19778362958086462
Guyana,2016,5,0.052,0.010301,0.23428,0.046353,0.19809615384615384,0.1978529964145467
Guyana,2016,6,0.0261,0.00515,0.26038,0.051503,0.19731800766283525,0.1977993701513173
Guyana,2016,7,0.3128,0.094007,0.57318,0.14551,0.30053388746803067,0.25386440559684564
Guyana,2016,8,0.3335,0.149812,0.90668,0.295322,0.44921139430284857,0.3257180041469978
Guyana,2016,9,0.0783,0.015451,0.9849800000000001,0.310773,0.197330779054917,0.31551199009116937
Guyana,2016,10,0.0259,0.00515,1.01088,0.315923,0.19884169884169886,0.312522752453308
Guyana,2016,11,0.102,0.016201,1.11288,0.332124,0.15883333333333335,0.2984364891093379
Guyana,2017,1,0.026,0.00515,0.026,0.00515,0.1980769230769231,0.1980769230769231
Guyana,2017,2,0.0479,0.06536,0.0739,0.07051,1.364509394572025,0.9541271989174561
Guyana,2017,3,0.0521,0.0105,0.126,0.08101,0.2015355086372361,0.6429365079365079
Guyana,2017,4,0.1039,0.020275,0.2299,0.10128500000000001,0.1951395572666025,0.4405611135276208
Guyana,2017,5,0.1038,0.0206,0.3337,0.12188500000000001,0.19845857418111754,0.365253221456398
Guyana,2017,6,0.078,0.014925,0.4117,0.13681000000000001,0.19134615384615386,0.33230507651202335
Guyana,2017,7,0.1291,0.026375,0.5408,0.163185,0.20429899302865995,0.30174741124260357
Guyana,2017,8,0.1559,0.03165,0.6967,0.194835,0.20301475304682487,0.2796540835366729
Guyana,2017,9,0.10165,0.020775,0.79835,0.21561,0.20437776684702408,0.27006951838166215
Guyana,2017,10,0.078,0.015825,0.87635,0.231435,0.20288461538461536,0.2640896901922748
Guyana,2017,11,0.13,0.023125,1.00635,0.25456,0.17788461538461536,0.2529537437273314
Guyana,2017,12,0.208,0.02985,1.21435,0.28441,0.1435096153846154,0.23420760077407665
Guyana,2018,1,0.526,0.229625,0.526,0.229625,0.43654942965779464,0.43654942965779464
Guyana,2018,3,0.026,0.004625,0.552,0.23424999999999999,0.1778846153846154,0.4243659420289854
Guyana,2018,4,0.078,0.013855,0.63,0.248105,0.17762820512820512,0.3938174603174603
Guyana,2018,5,0.078,0.013944,0.708,0.262049,0.17876923076923076,0.37012570621468927
Guyana,2018,6,0.0546,0.013774,0.7626000000000001,0.275823,0.2522710622710623,0.36168764752163646
Guyana,2018,7,0.052,0.00925,0.8146,0.285073,0.1778846153846154,0.34995457893444637
Guyana,2018,8,0.052,0.00925,0.8666,0.294323,0.1778846153846154,0.3396295868912993
Guyana,2018,9,0.078,0.013975,0.9446,0.308298,0.17916666666666667,0.3263794198602583
Guyana,2018,10,0.052,0.009405,0.9966,0.317703,0.18086538461538462,0.31878687537627937
Guyana,2018,11,0.026,0.00468,1.0226,0.322383,0.18000000000000002,0.31525816546059066
Guyana,2018,12,0.13,0.023625,1.1526,0.346008,0.18173076923076922,0.30019781363872977
Guyana,2019,1,0.026,0.004625,0.026,0.004625,0.1778846153846154,0.1778846153846154
Guyana,2019,2,0.03068666666666667,0.009206,0.05668666666666667,0.013831,0.3,0.24399035634481944
Guyana,2019,3,0.01527,0.004581,0.07195666666666667,0.018412,0.3,0.2558762218001575
Guyana,2019,4,0.037083333333333336,0.011125,0.10904,0.029537,0.3,0.27088224504768893
Guyana,2019,5,0.021666666666666667,0.0065,0.13070666666666667,0.036037,0.3,0.27570896664286443
Guyana,2019,6,0.021666666666666667,0.0065,0.15237333333333333,0.042537,0.3,0.27916302065103255
Guyana,2019,7,0.043333333333333335,0.013,0.19570666666666667,0.055537,0.3,0.2837767407003679
Guyana,2019,8,0.010833333333333334,0.00325,0.20654,0.058787,0.3,0.2846276750266292
others,2017,1,0.0121,0.001639,0.0121,0.001639,0.13545454545454547,0.13545454545454547
others,2017,2,0.788667,0.139594,0.800767,0.141233,0.17699992519022603,0.1763721531981213
others,2017,4,3e-05,1.5e-05,0.800797,0.14124799999999998,0.5,0.17638427716387547
others,2017,5,6e-05,3.2e-05,0.800857,0.14128,0.5333333333333333,0.17641101969515155
others,2017,6,3e-05,1.5e-05,0.800887,0.141295,0.5,0.17642314084259078
others,2017,8,5e-05,0.00011,0.800937,0.141405,2.2,0.17654946643743516
others,2018,2,4e-06,1e-06,4e-06,1e-06,0.25,0.25
others,2018,9,4e-06,9e-06,8e-06,1e-05,2.25,1.2500000000000002
others,2019,8,0.0001,2e-05,0.0001,2e-05,0.2,0.2
others,2019,11,8e-06,1.6e-05,0.00010800000000000001,3.6e-05,2.0,0.3333333333333333
others,2020,3,9e-05,2.5e-05,9e-05,2.5e-05,0.2777777777777778,0.2777777777777778
others,2020,4,0.02402,0.005325,0.02411,0.00535,0.2216902581182348,0.22189962671090832
others,2020,6,1.6e-05,3.9e-05,0.024125999999999998,0.005389,2.4375,0.22336897952416482
others,2020,7,5.1e-05,7.2e-05,0.024177,0.005461,1.411764705882353,0.22587583240269676
others,2020,8,6e-05,2e-05,0.024236999999999998,0.005481,0.33333333333333337,0.22614184923876718
others,2020,11,0.0002,8.9e-05,0.024437,0.005569999999999999,0.44499999999999995,0.22793305233866676
others,2021,1,3e-05,3.9e-05,3e-05,3.9e-05,1.3,1.3
others,2021,3,3.2e-05,7e-05,6.2e-05,0.00010899999999999999,2.1875,1.758064516129032
others,2021,4,1.6e-05,4.2e-05,7.8e-05,0.00015099999999999998,2.625,1.9358974358974357
others,2021,5,3.5e-05,5.1e-05,0.000113,0.00020199999999999998,1.4571428571428573,1.7876106194690264
others,2021,6,3.9e-05,1.1e-05,0.000152,0.000213,0.28205128205128205,1.401315789473684
others,2021,8,0.000119,5.8e-05,0.000271,0.000271,0.48739495798319327,1.0
total,2016,1,4.0261,1.072829,4.0261,1.072829,0.2664685427585008,0.2664685427585008
total,2016,2,0.052,0.010301,4.078099999999999,1.08313,0.19809615384615384,0.2655967239645914
total,2016,3,0.02619,0.00515,4.10429,1.0882800000000001,0.19663993890798015,0.2651567018899737
total,2016,4,4.17361,0.800927,8.277899999999999,1.8892069999999999,0.19190269335179855,0.2282229792580244
total,2016,5,0.052,0.010301,8.3299,1.899508,0.19809615384615384,0.22803491038307783
total,2016,6,0.0261,0.00515,8.356,1.904658,0.19731800766283525,0.22793896601244615
total,2016,7,0.3128,0.094007,8.6688,1.998665,0.30053388746803067,0.23055843946105575
total,2016,8,3.75031,0.795904,12.41911,2.794569,0.21222352285544394,0.22502168029754147
total,2016,9,0.0783,0.015451,12.49741,2.8100199999999997,0.197330779054917,0.22484818854466643
total,2016,10,0.0259,0.00515,12.52331,2.8151699999999997,0.19884169884169886,0.2247944033965461
total,2016,11,4.127940000000001,0.738585,16.65125,3.5537549999999998,0.17892338551432432,0.21342271601231136
total,2017,1,4.11424,0.743507,4.11424,0.743507,0.18071551489460996,0.18071551489460996
total,2017,2,0.8365670000000001,0.204954,4.950806999999999,0.948461,0.2449941247981333,0.19157704996377362
total,2017,3,0.0521,0.0105,5.0029069999999995,0.9589610000000001,0.2015355086372361,0.19168075680799188
total,2017,4,0.10393000000000001,0.020290000000000002,5.106837,0.979251,0.19522755700952565,0.19175293826687637
total,2017,5,4.10279,0.819962,9.209627,1.799213,0.19985473299876427,0.19536220087957962
total,2017,6,0.07821,0.015061,9.287837,1.814274,0.19257128244470015,0.19533869941946655
total,2017,7,0.1291,0.026375,9.416936999999999,1.840649,0.20429899302865995,0.19546153913953127
total,2017,8,0.15595,0.03176,9.572887,1.872409,0.203655017633857,0.19559501746965152
total,2017,9,4.3308800000000005,0.888979,13.903767,2.761388,0.20526521168907932,0.19860718321876367
total,2017,10,0.078,0.015825,13.981767,2.777213,0.20288461538461536,0.19863104570402298
total,2017,11,0.13,0.023125,14.111767,2.800338,0.17788461538461536,0.19843992605603536
total,2017,12,0.208,0.02985,14.319767,2.830188,0.1435096153846154,0.19764204263938093
total,2018,1,5.19308,1.195825,5.19308,1.195825,0.2302727860922612,0.2302727860922612
total,2018,2,4e-06,1e-06,5.193084,1.1958259999999998,0.25,0.23027280128725047
total,2018,3,0.026,0.004625,5.2190840000000005,1.200451,0.1778846153846154,0.23001181816579305
total,2018,4,0.078,0.013855,5.297084,1.2143059999999999,0.17762820512820512,0.2292404651313817
total,2018,5,4.3144800000000005,0.895917,9.611564000000001,2.110223,0.20765352950992932,0.2195504290456787
total,2018,6,0.0546,0.013774,9.666164,2.1239969999999997,0.2522710622710623,0.21973525381940548
total,2018,7,0.052,0.00925,9.718164,2.133247,0.1778846153846154,0.2195113192162635
total,2018,8,5.665909999999999,1.381894,15.384074,3.515141,0.24389621437686093,0.22849220564071648
total,2018,9,0.078004,0.013984,15.462078,3.529125,0.17927285780216398,0.22824390098148517
total,2018,10,4.28207,1.0454530000000002,19.744148,4.574578,0.24414663935900163,0.23169285400413328
total,2018,11,0.026,0.00468,19.770148,4.579258,0.18000000000000002,0.23162487200399312
total,2018,12,0.13,0.023625,19.900148,4.602883,0.18173076923076922,0.2312989330531612
total,2019,1,0.026,0.004625,0.026,0.004625,0.1778846153846154,0.1778846153846154
total,2019,2,0.03068666666666667,0.009206,0.05668666666666667,0.013831,0.3,0.24399035634481944
total,2019,3,4.25681,0.951483,4.3134966666666665,0.965314,0.22352019469978693,0.22378920736386335
total,2019,4,0.037083333333333336,0.011125,4.35058,0.9764390000000001,0.3,0.22443881045745626
total,2019,5,4.292526666666666,0.894141,8.643106666666666,1.87058,0.20830179272813681,0.21642449551318738
total,2019,6,0.021666666666666667,0.0065,8.664773333333333,1.87708,0.3,0.21663347992946153
total,2019,7,0.043333333333333335,0.013,8.708106666666666,1.89008,0.3,0.21704832891344158
total,2019,8,4.280803333333333,0.841262,12.98891,2.7313419999999997,0.1965196563573348,0.2102826180179861
total,2019,11,8e-06,1.6e-05,12.988918,2.7313579999999997,2.0,0.2102837203222008
total,2019,12,5.36353,1.099547,18.352448,3.830905,0.20500435347616217,0.20874081757376456
total,2020,3,9e-05,2.5e-05,9e-05,2.5e-05,0.2777777777777778,0.2777777777777778
total,2020,4,4.0704,0.863803,4.07049,0.863828,0.2122157527515723,0.21221720235155964
total,2020,6,1.6e-05,3.9e-05,4.070506,0.863867,2.4375,0.2122259493045828
total,2020,7,5.957661,1.3681480000000001,10.028167,2.232015,0.22964515772213293,0.22257457419685972
total,2020,8,6e-05,2e-05,10.028227,2.232035,0.33333333333333337,0.22257523687886208
total,2020,10,5.95001,1.4082,15.978237,3.6402349999999997,0.23667187113971236,0.22782457163453013
total,2020,11,0.0002,8.9e-05,15.978437,3.6403239999999997,0.44499999999999995,0.22782728999087956
total,2021,1,3e-05,3.9e-05,3e-05,3.9e-05,1.3,1.3
total,2021,2,5.80439,1.610301,5.8044199999999995,1.6103399999999999,0.2774281190616068,0.27743340419886914
total,2021,3,3.2e-05,7e-05,5.8044519999999995,1.61041,2.1875,0.27744393441448045
total,2021,4,5.704505999999999,1.4929510000000001,11.508958,3.103361,0.2617143360003478,0.2696474346330919
total,2021,5,3.5e-05,5.1e-05,11.508992999999998,3.103412,1.4571428571428573,0.2696510459255645
total,2021,6,5.971939,2.0468170000000003,17.480932,5.150229,0.3427391003156597,0.29461981775342416
total,2021,8,0.000119,5.8e-05,17.481050999999997,5.1502870000000005,0.48739495798319327,0.2946211300453274
total,2021,9,6.00948,1.731226,23.490530999999997,6.881513,0.2880824963224771,0.2929483799238085
